00000000111000000000000010010011
00000010000100000010000000100011
00000010000000000010001010000011
00000000000000101000001100110011
00000000011000101000010001100011
00000000000000000000001100110011
00000000011000101001010001100011
00000000001000110001001110010011
00000001010000000000000011101111
00000011011001001111010100010011
00000000000000000000000000000000
00000000000000000000000000000000
00000000000000000000000000000000
00000000001000000000010000010011
01000000100000111000010010110011
00000000000000001000000001100111